%YAML:1.0
---
matrix: !!opencv-matrix
   rows: 3
   cols: 4
   dt: d
   data: [ 5.9102706342683928e+02, 0., 3.1276443481445312e+02, 0., 0.,
       5.9102706342683928e+02, 2.3905308914184570e+02, 0., 0., 0., 1.,
       0. ]
